0000000000000020,
0000000000000020,
0000002000000020,
0000002000100020,
1000100010001000,
1000100010001000,
1000100010001000,
1000100010001000,
1000100010001000,
1000100010001000,
1000100010001000,
1000100010001000,
1000100010001000,
1000100010001000,
1000100010001000,
1000100010001000,
1000100010001000,
1000100010001000,
1000100010001000,
1000100010001000,
1000100010001000,
1000100010001000,
1000100010001000,
1000100010001000,
1000100010001000,
1000100010001000,
1000100010001000,
1000100010001000,
1000100010001000,
1000100010001000,