100000000000200000000000100000200000000000100000,
000000100000200000000000100000000000000000000000,
100000000000200000000000100000200000000000100000,
000000100000200000000000100000000000000000000000,
100000000000200000000000100000200000000000100000,
000000100000200000000000100000000000000000000000,
100000000000200000000000100000200000000000100000,
000000100000200000000000100000000000100000100000,
100000000000000000000000200000000000000000000000,
100000000000100000000000200000000000000000000000,
100000000000000000000000200000000000000000000000,
100000000000100000000000100000000000000000000000,
100000000000000000000000200000000000000000000000,
100000000000100000000000200000000000100000100000,
000000000000100000000000100000000000000000000000,
200000200000200000000000100000100000100000000000,
100000000000100100100000100000000000100000100000,
000000200000100100100000200000000000000000000000,
100000000000100100100000200000000000100000100000,
000000200000100100100000200000000000100000100000,
100000000000100100100000000000100100100000000000,
100100100000000000100100100000000000100000000000,
500000000000000000000000000000000000000000000800,
000000000000000000100100100000100000000000000000,
100000000000100100100000100000100000000000100000,
100000000000100100100000100000100000000000100000,
100000000000100100100000100000100000000000100000,
100000200000100000000000200000100000100000000000,
100000000000100100100000100000100000000000100000,
100000200000100000000000200000100000100000100000,
500000000000000000000000000000800000000000000000,
300000000000400000300000000000300000000000000000,
100000000000100100100000100000100000000000100000,
100000000000100100100000100000100000000000100000,
100000000000100100100000100000100000000000100000,
100000200000100000000000200000100000100000000000,
100000000000100100100000100000100000000000100000,
100000200000100000000000200000100000100000100000,
500000000000000000000000000000800000000000000000,
300000000000400000300000000000300000000000000000,
600000000000000000000000000000000000000000000000,
000000000000000000000000000000000008000000000000,