000000000000200000000000000000100000200000000000,
100000000000200000000000000000100000200000000000,
100000100000200000100100000100100000200000200200,
100000100000200000100100100000100000200000100100,
100000100000200000100100100000100000200000000000,
100000100000200000100100100000100000200000100100,
100000100000200000100100100000100000200000000000,
100000100000200000100100100000100000200000100100,
100000100000200000100100100000100000200000200000,
100000100000200000100100200000100100200200100000,
000000003000000030000000300000003000000030000000,
100100100000200000100100200000100100200200200000,
100000000000200000100000000000200000200000000000,
100100100000200000100100100000100000200200100000,
100000100000200200100000100000200200200000000000,
100000100000200000100100200000100100200200200000,
100000000000200000100000000000200000200000000000,
100000100000200000100100100000100000200000100100,
100000200000200000300000000000300000000000400000,
100100000200200000100100000000200000200000200200,
100100000200200000100100000000400000400000000000,
300000000000000000000000000000000000000000000000,
500000000000000000000000000000000008000000000000,
100000100000200000100100200000100000200000100100,
100000100000200000100100200100100000200000000000,
100000100000200000100100200000100000200000100100,
100000100000200000100100200100100000200000000000,
100000100000200000100100200000100000200000100100,
100000100000200000100100200100100000200000000000,
100000100000200000100100000000500000000000000000,
000000000008000000000000100000100100200000100100,
000000100000200000100100000000100000200000100100,
000000100000200000000000100000100100200000100100,
000000100000200000100100000000100000200000100100,
000000100000200000000000100100100100200000100100,
000000200200100000000000200200100000100000200200,
000000200200100000000000200200100000100000200200,
000000200200100000000000200200100000100000200200,
000000200200100000200200100000200200100100200200,
100000100000200000100100200100100000200000100100,
100000100000200000100100200100100000200000200000,
100000100000200000100100200100100000200000100100,
100000100000200000100100200100100000200000200000,
100000100000200000100100200100100000200000100100,
100000100000200000100100200100100000200000200000,
100000100000200000100100000000500000000000000000,
000000000008000000000000100000100100200000100100,
000000100000200000100100000000100000200000100100,
000000100000200000100100100000100100200000100100,
000000100000200000100100000000100000200000100100,
000000100000200000000000100100100100200000100100,
000000200200100000000000200200100000100000200200,
000000200200100000000000200200100000100000200200,
000000200200100000000000200200100000100000200200,
000000100000100000000000100000100000000000100000,
100100100000200000100100200000100100200200200000,
100000000000200000100000000000200000200000000000,
100100100000200000100100100000100000200200100000,
100000100000200200100000100000200200200000000000,
100000100000200000100100200000100100200200200000,
100000000000200000100000000000200000200000000000,
100000100000200000100100100000100000200000100100,
100000200000200000300000000000300000000000400000,
100100000200200000100100000000200000200000200200,
100100000200200000100100000000400000400000000000,
300000000000000000000000000000000000000000000000,
