100000001000111111100000100000001000111111100000,
100000001000100010001000100000001000222222200000,
101100101100,
500000000000000000000008000000000000200000000000,
100000001000111111100000100000001000111111100000,
100000001000100010001000100000001000222222200000,
101100101100,
500000000000000000000008000000000000200000000000,
100000002000222222200000100000002000222222200000,
100000002000200020002000200000002000111111100000,
102202102202,
100000002000200020002000200000002000111111100000,
100000002000222222200000100000002000222222200000,
100000002000200020002000200000002000111111100000,
102222102100,
100000002000200020002000200000001000222222000000,
100000001000111111100000100000001000111111100000,
100000001000100010001000100000001000222222200000,
101100101100,
500000000000000000000008000000000000200000000000,
100000001000111111100000100000001000111111100000,
100000001000100010001000100000001000222222200000,
102101102100,
500000000000000000000008000000000000200000000000,
12222121,
200100200122200100200100,
12222121,
200100200122200000101010,
12221222,
12221222,
1222122212221222,
111111111111111111111111111111111111111111111111,
102200202202,
102202202200,
102200102200,
102222101222,
100000001000111111100000100000001000111111100000,
100000001000100010001000500000000000000000000000,
000000000000000000000008000000002000200000000000,
302222200200,
300000002000200020002000200000000000222222200000,
302222300300,
600000000000000000000000000000000000000000000008,
002222200400,