100000100000200000000100100000100000200000100100,
100000200000100000200000000000100000100000000000,
100000100000200000000100100000100000200000100000,
200000100000200200100000000000200000200000000000,
100000100000200000000100100000100000200000100100,
100000200000100000200000000000100000100000000000,
100000100000200000000100100000200000100000200000,
000000004000000040000000400000004000000040000000,
300000000000300000000000300000200200200000100000,
700000000000800000700000000000800000000000000000,
100000000000200000100000100000100100200000100000,
000000100100200000100000000000300000000000000000,
300000000000300000000000300000200200200000100000,
700000000000800000700000000000800000000000000000,
100000000000200000100000000000200200200000100000,
100000000000200000100000000000200200200000100000,
100100000000400000100100000000400000400000000000,
100100000000400000100100000000400000400000000000,
100000100000200000100100000000100000200000100000,
100000100000200000100100000000100000200000000000,
100000100000200000000100100000100000200000100000,
000000100000200000000000100000100000200000000000,
100000100000200000000100100000100000200000100000,
000000100000200000000100100000100000200000000000,
100000100000200000000100100000100000200000100000,
000000100000200000000100100000100000200000300000,
000000300000000000600000000000000000000000000000,
000000008000000000000000100100100000200000100000,
000000100000000000100100100000200000100000200000,
000000200000100000100000100100100000200000100000,
000000100000000000100100100000200000100000200000,
000000200000100000100000100100100000200000100000,
000000200200100000100000200200100000100000200200,
000000200200100000100000200200100000100000200200,
000000100000200200100000000000100000200200100000,
000000400000400000000000400000400000000000400000,
300000000000300000000000300000200200100000200000,
700000000000800000700000000000800000000000000000,
100000000000200000100000100000100100200000100000,
000000100100200000100000000000300000000000000000,
300000000000300000000000300000200200100000200000,
700000000000800000700000000000800000000000000000,
100000000000200000100000000000200200200000100000,
100000000000200000100000000000200200200000100000,
100100000000400000100100000000400000400000000000,
100100000000400000100100000000400000400000000000,