0000000000000000,
0000000000000000,
1000100010001000,
1000100010001000,
0000000000000000,
2000200020002000,
2000200020002000,
0000000000000000,
5000000000000080,
5000000000000080,
0000000000000000,
1000100010001000,
1000100010001000,
2000200020002000,
2000200020002000,
5000000000000080,
5000000000000080,
0000000000000000,
1010101000000000,
1010101000000000,
0000000020202020,
0000000020202020,
1010101020202020,
1010101000000000,
1010101020202020,
0000000020202020,
5000008050000080,
5000008050000080,
1100110011001100,
2200220022002200,
5000008050000080,
5000008050000080,
1000100010001000,
1000100010001000,
2000200020002000,
2000200020002000,
5000000000000080,
5000000000000080,
0000000000000000,
1010101000000000,
1010101000000000,
0000000020202020,
0000000020202020,
1010101020202020,
1010101000000000,
1010101020202020,
0000000020202020,
5000008050000080,
5000008050000080,
1100110011001100,
2200220022002200,
5000008050000080,
5000008050000080,